100
61 1488
453 576
260 461
1239 1634
437 523
1151 1240
829 1512
434 466
272 1805
267 1641
159 1308
754 1971
1529 1903
156 1728
72 1484
91 1717
942 1206
973 1639
272 747
1289 1620
102 632
60 533
1570 1905
754 1612
115 204
317 365
737 1545
754 1590
41 1124
184 1174
1118 1343
329 760
1799 1834
161 349
1074 1369
620 1018
1512 1750
622 1208
754 1267
754 1430
1558 1633
670 1400
241 984
1157 1280
756 1501
765 1774
1110 1415
370 754
206 325
754 1649
38 212
1359 1848
381 900
1275 1446
171 971
1674 1937
754 1681
1339 1774
654 754
707 754
985 1104
894 1295
179 959
901 1074
585 1736
559 921
374 1089
463 754
331 1212
562 689
344 1361
1015 1506
1895 1922
763 1155
422 1956
923 1237
903 1054
1100 1709
798 1590
482 1142
790 1890
16 1808
260 1353
754 1984
702 843
1084 1780
22 65
76 964
1125 1754
863 1101
754 1152
248 670
1161 1190
1644 1767
825 1758
624 1930
671 1162
258 848
643 1975
901 1465
