100
571 962
1396 1829
754 1675
693 2020
55 754
1123 1535
1044 1320
861 1135
1269 1998
1438 1466
47 662
1113 1841
109 1030
1495 1923
84 546
649 1728
483 1943
672 1495
1079 1711
117 626
754 754
868 1065
66 1580
979 1848
486 1243
691 951
754 869
270 514
754 1076
481 1354
975 1799
754 992
407 473
711 1406
805 981
368 1177
1559 1861
456 1690
754 1935
139 1212
754 1680
136 1095
441 865
754 1855
18 218
361 595
794 1494
596 1633
173 277
379 1657
1534 1835
636 1171
544 1651
454 1522
754 1448
594 1043
461 559
351 550
159 759
1103 1659
270 754
906 1970
1125 1536
17 1298
201 1582
126 183
138 1311
120 1296
1598 1988
1325 1733
3 1355
12 318
6 714
602 759
244 1646
457 802
754 1086
647 1278
613 1899
195 957
731 1419
338 1767
644 911
1273 1471
221 787
972 1228
271 649
711 890
510 1128
791 1052
863 1280
176 1005
754 1216
802 1092
25 1436
919 1177
232 1665
1080 1609
761 1773
1171 1413
