100
534 1031
536 1521
575 601
1046 1564
140 754
4 632
1208 1436
48 269
10 754
325 1721
1399 1596
49 244
372 576
39 1914
399 1322
754 2010
286 1020
1068 1516
738 1379
728 1014
270 517
702 2004
926 1214
1372 1763
774 1730
1331 1702
1570 1697
1545 1633
712 1749
1063 1475
1670 1868
544 845
852 1551
157 1664
754 1971
111 1722
1295 1459
565 889
1536 1911
1320 1616
722 961
169 1304
752 802
848 1653
526 666
943 1418
92 1784
256 2009
220 581
1486 1726
1285 1395
754 1804
754 1183
250 754
433 1311
841 1599
848 1592
423 1911
754 1249
516 1051
848 1851
452 1699
1154 1682
771 1354
201 1935
621 1707
469 1814
136 1263
53 1429
1035 1191
162 1301
195 1666
754 1514
28 1830
404 605
630 1297
754 1270
880 1582
552 1350
66 743
812 1154
868 1575
1178 1675
35 1555
592 754
26 1569
1100 1953
618 754
454 1234
754 1113
754 1891
579 1933
822 1972
717 1790
1702 1776
159 1699
618 1556
230 1539
417 647
86 1205
