100
88 1792
457 555
846 1915
312 906
1429 1458
115 772
1322 1724
341 1123
593 1780
798 1942
532 1620
337 1904
271 754
606 1845
472 1430
602 1099
877 1279
1491 1636
909 1572
754 1923
568 688
842 1264
263 591
525 1104
324 1362
492 1648
658 775
198 1091
1119 1625
754 1161
942 1100
916 1418
195 1614
1540 1991
1432 1748
502 887
754 1833
351 438
1006 1270
650 1120
181 346
74 1421
671 1792
136 172
1966 2000
370 1605
754 754
695 754
1096 1698
242 890
1151 1354
187 1268
1070 1826
754 1895
1236 1658
198 1721
813 1427
667 1142
411 661
1174 1324
438 672
146 1029
598 1653
522 899
1109 1533
561 1845
1662 1987
754 1833
1537 1726
697 1294
961 1639
665 688
527 975
530 535
533 1632
950 950
75 253
87 1080
1131 1725
329 707
247 1424
1346 1938
80 1035
460 1130
436 1636
381 1572
532 781
1252 1384
1684 1887
782 884
899 951
248 650
951 1437
487 1969
652 1220
1164 1409
836 1911
683 754
474 1555
298 1596
