100
1606 1705
539 1017
1644 1703
578 1766
317 617
396 1477
184 533
488 1849
542 1732
757 1096
33 705
863 1651
1427 1685
754 954
833 1017
704 1472
162 478
862 1668
1309 1871
603 862
80 614
205 1314
317 1611
489 1373
914 1460
979 1884
1160 1602
989 1634
694 830
341 1998
447 1646
377 467
233 750
13 129
754 1052
1847 1849
135 542
1216 1962
1858 1924
1269 1452
83 754
986 1411
1866 2009
1147 1378
1794 1912
754 1546
616 915
465 1109
552 1992
875 1181
401 1490
294 445
754 1423
48 128
264 1948
157 898
709 1435
147 840
188 920
1276 1631
1060 1960
186 359
754 1697
100 1378
318 581
459 1184
1501 1548
1030 1744
964 1120
345 1973
1132 1437
1743 1911
1320 1630
694 1635
1041 1812
1731 1890
390 820
662 1898
435 947
95 670
650 754
705 930
754 1163
1359 1545
1453 1990
126 1633
1335 1818
930 1288
395 758
687 883
517 1012
454 928
690 771
884 1727
892 1594
28 108
265 278
535 1142
754 1284
1326 1525
