100
1226 1365
743 1401
754 1539
45 409
139 728
740 2012
1006 1504
1013 1471
762 1608
90 644
47 1892
553 1146
76 754
1250 1738
891 1843
4 1153
754 1651
1381 1851
664 1804
813 1091
61 1522
626 1672
1279 1803
256 917
793 1845
1436 1974
426 1728
363 1027
942 1001
825 1199
270 1467
734 830
754 1195
204 513
1433 1673
315 1371
836 1938
1038 1866
288 1825
159 754
426 1053
792 1837
62 946
754 1259
1490 1758
1238 1495
546 744
1015 1923
976 1786
601 754
36 1746
171 754
18 128
657 1701
754 831
922 938
832 1355
1079 1946
179 732
693 1508
754 1554
443 1866
25 92
890 1919
648 1004
12 1493
27 1253
498 1392
1071 1821
1942 1967
346 1112
1579 1647
1085 1823
758 1233
171 569
167 1195
1544 1876
744 1954
145 1009
754 758
693 724
67 643
140 1708
371 1727
1549 1979
293 885
1058 1355
348 1959
842 1225
847 1505
881 902
587 1340
958 1845
754 754
111 1441
638 1668
41 1478
464 1385
409 754
1680 1786
