100
1723 1870
584 754
847 1832
446 979
1124 1350
1261 1685
329 693
754 1329
382 1194
1199 1494
1151 1525
627 1466
881 1827
754 1874
2 529
168 1839
747 1661
64 1645
222 1900
346 748
1465 1913
427 1599
163 474
515 710
142 1013
1485 2019
966 1942
754 890
1047 1883
1736 1842
814 1311
739 1996
1410 1904
1546 1593
1357 1627
265 1248
754 1836
265 1464
289 788
1157 1334
788 1320
815 1326
754 1991
754 1305
787 1196
754 887
1172 1773
134 965
457 1010
754 813
590 1901
1452 1914
1544 1587
1004 1701
129 1836
302 946
1266 1717
818 1641
754 1198
738 1491
1149 1152
750 754
605 958
188 1802
144 1026
1280 2019
247 391
1223 1968
1533 1611
381 1910
255 754
537 700
754 1849
1883 1945
367 754
395 819
4 762
1079 1673
126 569
145 1163
122 1599
714 882
1278 1851
754 1603
754 1861
103 1417
852 932
533 1564
1278 1404
464 754
735 980
206 319
634 1026
795 1583
80 1750
1792 1822
1663 1952
72 1623
225 1207
376 684
