100
544 754
1766 1848
252 1325
530 1982
754 795
554 1288
391 544
1471 1549
191 445
1466 1555
1469 1621
754 1346
829 1455
95 1665
506 517
428 555
1480 1980
1061 1533
928 1494
664 1623
1413 1938
1020 1142
640 1631
341 1771
91 1268
49 1040
970 1906
348 627
915 1218
1217 1254
1130 1718
191 1411
268 429
448 754
50 913
27 1607
754 1978
51 152
808 1510
195 1758
674 1997
880 1146
334 754
278 1597
555 1357
286 1752
535 1305
85 646
323 930
174 1923
1407 1627
1429 1893
1146 1932
632 1275
573 1872
594 759
737 1566
754 811
754 872
1221 1861
250 1864
603 1791
754 1059
484 1678
434 924
720 1887
788 1283
215 1561
388 446
928 1336
297 733
813 1448
1046 1792
1136 1754
754 977
1037 1663
1778 2005
754 1675
673 1449
754 1826
929 1252
37 1143
433 1350
1492 1715
110 261
1539 1618
754 964
594 655
38 1866
754 1418
1126 1574
754 1487
1570 1676
170 724
529 826
672 1147
458 1309
453 1310
1067 1148
463 1684
