100
754 1336
392 1430
901 1283
1848 1907
497 1716
1743 1784
223 618
1020 1472
1054 1111
267 483
146 205
750 859
191 1367
754 1003
706 1161
600 658
754 1666
754 1385
962 1174
88 475
947 1992
43 1099
1443 2016
1018 1265
1196 1687
465 1752
754 998
1300 1680
161 267
1372 1900
247 1157
19 285
1260 1938
353 1944
754 1486
1031 1294
754 1364
181 1314
149 754
1456 1853
568 1159
1318 1416
728 1868
1012 1240
310 1253
149 754
552 1342
481 907
342 1753
59 1765
566 1617
111 781
593 1230
100 1403
987 1919
467 1393
294 1191
230 331
640 1826
847 1627
1042 1347
184 1228
1082 1478
754 1644
1706 1948
1265 1381
927 1650
126 1912
372 1219
857 1483
754 1891
1593 1964
267 637
525 1818
14 1516
1354 1405
887 936
606 754
1564 1607
1076 1138
556 1442
476 573
664 1267
256 1570
1738 1931
105 754
754 1171
754 1852
56 1594
312 1204
161 342
304 1210
595 1347
1008 1810
604 773
1403 1913
282 1668
1355 2001
1083 1480
298 509
