100
475 527
1137 1864
355 1525
1099 1394
1113 1462
529 754
412 1835
482 754
754 1024
1683 1744
1074 1657
162 1830
224 1514
347 788
556 623
143 846
936 1597
81 834
367 436
102 754
529 1116
1852 1870
281 516
490 884
1472 1663
480 609
45 457
1260 2002
1182 1744
254 754
879 1452
1908 1971
1474 1990
6 258
16 927
1497 1571
754 1683
1760 1929
80 658
754 1004
557 778
910 1035
566 1866
225 754
348 1822
839 1567
944 1733
754 1744
262 693
1082 1819
178 754
754 1873
19 276
1850 1882
1106 1504
588 1893
24 787
80 2012
248 419
10 170
590 1512
1701 1742
425 1013
754 1766
1023 1629
1480 1837
1016 1518
78 1995
320 1367
754 941
520 679
754 1489
271 272
268 1684
428 1625
570 831
658 1015
457 1674
29 348
251 521
192 203
1368 2002
1360 1684
995 1017
255 498
216 754
581 1227
671 1456
754 1776
742 754
1111 1558
688 1911
1502 1520
1122 1990
101 1481
162 164
1146 1809
665 926
903 1832
919 1587
