100
754 1303
1077 1502
1612 1635
438 1195
714 1694
485 684
198 1790
788 1568
112 754
618 1057
69 519
11 754
751 1505
734 1023
27 1947
276 358
114 272
481 1517
865 1544
941 1663
451 1010
117 944
608 1530
836 1834
549 2009
470 1132
835 1959
841 1624
142 1881
1275 1520
1283 1548
117 1334
1285 1314
745 1971
125 1768
200 298
73 697
1395 1419
778 864
283 1564
186 1549
625 1421
754 1528
401 1109
754 1176
196 752
376 1294
2 658
1074 1147
1144 1600
637 739
328 1254
411 1117
1269 1952
378 1942
1161 1650
48 452
734 1336
1426 1548
977 1471
713 1061
1038 1144
25 107
102 1984
754 1984
1106 1465
754 1893
754 1589
181 1057
1137 1874
1146 1771
519 1285
262 383
434 1812
1487 1676
1141 1231
986 988
553 641
754 1096
1281 1857
1120 1558
1091 1995
1406 1414
801 1889
500 1707
344 498
225 1606
1376 1548
1719 1768
1267 1599
642 667
153 986
1282 1890
47 1610
1901 2007
49 658
1185 1318
646 1094
1435 1690
96 1416
