100
1900 1903
386 1499
282 1233
3 1793
391 890
754 754
416 804
965 1150
1306 1648
90 1395
70 1066
676 1694
973 1524
98 184
1644 1806
570 754
1229 1520
754 1769
273 316
1604 1778
302 1852
1575 1958
189 1672
640 1709
844 914
754 1416
478 1947
913 1158
209 1304
160 515
1646 1884
722 1051
682 1821
1058 1249
395 1026
351 754
253 708
316 773
918 1152
388 473
142 1607
1905 1961
293 1354
60 1047
106 1209
1333 1489
754 781
244 1492
96 1208
15 265
754 1328
570 1949
581 1157
635 932
366 973
596 731
156 698
89 1467
1006 1915
1208 1344
825 1275
70 482
304 754
684 1525
743 1982
258 1006
730 1984
639 1760
490 847
458 1122
435 751
376 754
592 622
408 1044
512 1808
992 1136
754 1491
1610 1786
395 1064
830 1970
316 1995
887 1312
1213 1260
1321 1556
1546 1573
754 975
604 675
585 1453
858 1308
395 847
360 1695
842 1963
60 1072
485 1944
1392 1811
448 1497
703 1803
367 881
358 386
425 449
