100
742 1000
507 732
278 1388
1502 2015
155 866
658 1596
754 1759
754 1640
622 1836
1555 1941
541 2005
845 1999
1278 1975
614 1049
3 318
684 1069
814 1898
595 678
349 495
82 754
20 242
36 1291
232 627
122 288
80 1175
188 782
1049 1669
754 1825
728 1423
754 995
473 1896
126 1803
476 2003
258 1359
702 1922
773 1632
290 444
1524 1859
937 1822
346 2020
542 711
708 1605
788 883
521 1280
1216 1349
464 1274
643 1127
19 754
699 1743
403 1880
621 715
882 1907
598 1956
280 754
385 574
754 1089
1555 1819
754 1739
61 1339
190 754
89 561
812 1107
1317 1793
1879 1921
468 1221
540 1536
786 1477
1207 1627
647 1330
426 754
754 928
754 852
389 1411
409 837
754 1589
699 1019
500 1056
622 1944
754 841
914 1529
36 859
432 1870
1111 1150
754 1783
82 612
882 1840
265 1545
168 1833
1554 1902
578 1217
1341 1662
1440 1494
863 1978
355 1315
1487 1881
423 936
268 1750
406 1465
312 1408
1486 1613
