100
1656 1658
1225 1586
754 1122
396 1917
149 1710
754 1818
1441 1600
764 1865
192 1383
340 1213
1559 1595
754 888
391 623
811 1175
754 1584
754 1986
1102 1668
276 1649
362 640
819 1040
1622 1633
1571 1744
1476 1533
499 807
375 895
16 790
697 1384
1126 1713
79 824
499 754
208 1585
749 1434
515 1138
754 1215
396 1913
512 1561
1052 1454
1834 1944
234 521
754 1724
1186 1614
1730 1990
94 656
465 1884
408 1784
1046 1437
533 864
264 756
88 1966
144 1633
590 754
626 989
889 1661
703 1049
554 1082
588 595
847 1264
754 821
240 1383
1715 1843
1423 1865
135 1501
1131 1530
565 1115
586 1259
685 1744
1236 1968
77 1463
535 1869
1004 1847
24 1625
580 742
144 1953
1142 1524
1039 2010
420 1964
800 984
754 754
99 595
1 1274
802 1240
754 913
57 1527
339 1037
754 1828
863 1387
204 1841
143 1276
1977 1997
797 1401
1583 1865
621 1703
541 1455
880 1915
540 581
244 1558
831 1762
1104 1523
1127 1953
340 1073
