100
1245 1662
224 896
381 754
904 1130
1064 1556
856 1997
910 1008
627 1989
321 901
766 1850
710 1707
415 1418
630 1540
940 1822
754 1227
997 1973
103 920
17 281
94 1342
1039 1184
506 1490
653 2016
910 1788
725 1987
62 1015
541 1725
1817 1940
217 754
51 890
43 701
1038 1525
821 1472
572 754
754 1545
372 1966
754 1038
751 823
70 86
1082 1278
226 604
1002 1853
1346 1818
754 1469
1013 1110
769 1296
165 1665
575 741
812 1523
371 572
638 1300
64 1886
878 1125
491 783
461 1591
1328 1415
393 1942
1316 1414
413 615
1189 1756
616 1487
475 854
233 754
754 1298
393 461
8 653
1310 1908
606 1210
1620 1782
758 1506
68 1291
129 754
1217 1977
774 1774
82 1573
942 1713
839 1219
1551 1910
654 754
333 1565
779 1817
1123 1850
156 487
754 1802
697 1613
899 1488
187 1714
142 1707
1227 1863
818 980
82 1953
1015 1719
340 1901
227 450
1003 1594
866 1607
1353 2003
1703 1781
991 1583
125 1410
298 633
