100
849 1620
1791 1841
1349 1501
749 1856
367 1514
331 642
488 1192
187 255
57 1164
754 1672
844 1438
508 1881
291 1403
89 846
271 385
1513 1842
53 701
814 1207
207 754
892 977
457 1151
895 1798
210 1520
36 647
691 714
754 817
904 1613
598 754
835 1117
754 1839
475 626
575 939
240 1787
754 1013
569 1051
327 965
95 754
1550 1638
951 1433
224 629
919 1218
1583 1882
427 923
698 1721
714 874
754 852
583 1815
31 1045
434 754
617 1223
754 1070
843 1677
942 1443
644 1719
578 1386
882 1519
338 1287
1133 1707
720 1996
277 428
744 1226
1575 1688
582 963
1621 1769
1423 1715
754 1248
121 416
1894 2001
51 679
1180 1370
303 1282
897 1199
468 861
147 1730
317 1603
384 832
754 1077
613 1895
1789 1831
481 754
315 926
235 1713
326 754
81 1026
1616 1797
326 1825
478 1161
526 962
754 1655
1626 1804
754 943
810 1442
757 1828
1487 1553
108 686
535 754
402 1138
365 550
419 1109
9 790
