100
1100 1356
512 2017
1298 1403
249 860
95 350
467 1173
508 685
306 1027
754 981
123 366
535 1375
424 1856
131 848
251 754
641 1177
399 404
1123 1837
211 1202
4 715
216 1126
1387 1902
754 1751
205 1934
519 754
239 661
190 615
867 1862
102 1421
1328 1973
1792 1950
116 1336
841 1413
754 912
481 1327
860 1240
426 1442
556 1681
286 528
754 1861
205 925
68 1172
841 1281
861 1580
764 1319
1301 1961
192 1767
146 378
1121 1417
1345 1647
463 1861
192 365
1331 1738
654 1694
619 1518
1216 1954
998 1216
1390 1972
350 1007
1963 1973
229 1102
203 872
439 1942
969 1820
821 1864
754 925
1149 2017
10 403
754 899
323 950
228 1239
606 1117
819 1169
1336 1791
1186 1368
754 935
501 736
885 1390
711 1445
1308 1977
754 755
649 1699
155 1343
1010 1387
17 569
726 1151
1372 1434
71 1622
753 1134
184 1786
134 754
3 1951
468 492
754 1654
1381 1940
100 731
1034 1485
754 996
277 992
795 1615
1029 1275
