100
101 204
1408 1484
1564 1710
593 1720
451 1360
891 1600
416 417
1739 1790
643 1082
1154 1252
1880 1998
227 949
582 1352
520 754
576 1290
452 1055
754 862
525 1079
437 990
214 1342
754 1339
1613 1750
737 763
611 1902
426 1030
2 708
907 1585
157 238
814 1529
446 754
466 1917
672 1947
35 1050
364 1134
815 1459
1199 1563
474 1635
502 686
909 2015
1327 1506
171 1563
669 1557
52 135
67 1116
754 1448
1025 1547
644 1414
8 1271
178 754
181 1873
73 754
479 894
591 1969
1550 1882
71 1739
173 1755
268 754
870 1060
54 819
1109 1689
1371 1378
78 428
493 1465
1297 1785
312 785
555 681
1441 1499
866 1725
243 998
924 1692
709 1358
739 962
213 1205
945 1173
248 754
713 1493
1432 1799
153 1085
869 2009
725 1047
802 1133
587 1976
211 754
1100 1274
1761 1846
869 1974
65 1028
964 1367
351 1708
572 1452
754 1243
937 1196
10 666
57 1497
458 813
297 1353
199 998
754 1033
754 1765
419 1913
