100
1410 1661
1286 1983
28 754
386 1871
949 1278
896 1490
68 1387
35 754
822 1891
695 766
919 1948
1456 1916
539 606
1223 1441
869 1943
246 1321
486 1859
259 1274
887 1660
842 1414
826 1015
995 1782
274 775
964 1629
754 1091
388 1951
684 1712
754 1571
1228 1337
989 1762
1172 1681
836 1253
754 754
8 203
438 1233
338 1103
1422 1647
26 639
293 1143
82 1735
321 754
193 435
528 1123
831 1458
842 1373
754 1279
864 1524
714 867
500 1201
754 868
754 1408
104 754
1557 1749
1879 1885
478 1808
875 1937
847 936
1606 1813
391 1081
294 1677
970 1095
242 435
382 1501
927 1915
1652 1913
549 1294
361 1618
557 1096
1099 1327
18 167
754 799
1344 1440
754 1339
754 1744
526 1504
749 1750
754 1786
110 166
16 1118
711 1454
1358 1665
426 1673
1260 1560
625 1395
1756 2012
471 1981
993 1142
253 1393
711 1064
624 1952
695 1855
738 922
1832 1981
754 1584
529 1926
578 1201
487 1804
28 371
697 1427
193 1509
