100
296 516
283 1262
754 1748
754 1346
817 1111
1385 1989
1897 1966
150 239
857 1330
489 677
17 1066
1381 1979
1206 1648
529 1214
1633 1938
1485 1907
211 728
609 1126
815 1534
190 792
796 1569
1296 1644
754 777
754 2011
99 190
382 1262
35 879
1243 1382
451 1518
873 1495
110 389
168 825
225 1718
725 1359
90 1574
183 1432
509 1051
714 1538
111 688
670 1157
754 1426
1019 1625
82 1652
483 618
1089 1560
754 1431
1260 1340
1053 1864
1130 1271
432 1392
1145 1837
832 1605
912 1913
1315 1428
420 1397
604 1930
425 754
303 978
754 1263
793 820
851 1415
278 1343
70 679
754 1270
202 859
569 1444
582 1948
222 1063
383 438
1244 1675
1004 1737
76 885
657 754
1644 1853
79 998
1130 1471
293 895
754 1340
1201 1862
1270 1647
333 425
442 1680
983 1165
403 754
446 754
1293 1520
746 1919
899 1756
1130 1703
821 1547
5 1085
144 1831
967 1438
681 925
1690 1766
120 662
547 754
971 1576
754 1845
1089 1476
