100
1136 1774
319 890
315 726
224 1761
445 1218
754 1227
639 673
23 91
1276 1415
32 1984
493 777
728 1473
180 652
502 892
237 754
1421 1818
223 1162
164 948
903 1843
721 881
1696 1781
507 1182
1122 1196
754 754
5 818
1079 1624
1375 1964
23 595
1040 1152
754 1836
374 1620
894 1174
754 1404
120 908
510 1430
754 1512
754 1258
764 1118
1240 1932
1539 1609
633 1025
297 1348
1585 1703
1260 1738
231 847
538 975
1361 1845
1446 1949
658 1249
546 1616
141 1974
430 1047
470 994
754 1615
170 1134
1272 1870
185 938
1797 1922
446 1599
508 754
1414 1856
27 605
941 1182
1219 1748
1218 1610
13 942
926 1780
754 1888
305 890
1276 1963
1292 1674
882 1272
386 754
274 571
45 602
970 2020
1097 1131
72 1618
754 754
221 1488
510 1723
79 1550
638 1781
1346 1531
460 1232
976 1996
333 1939
786 1053
320 741
1669 1671
292 691
1674 2012
1014 1470
266 513
196 1455
61 1542
585 1604
1265 1828
609 754
487 1079
