100
754 1628
1619 1712
289 1491
754 1762
831 1951
888 1595
754 1695
902 1293
300 1518
54 1975
1238 1937
19 520
754 1134
501 1103
498 1132
846 1978
688 1142
1762 1916
166 387
477 1939
214 830
5 1772
514 652
1325 1482
1646 1706
858 1637
473 1471
1383 1631
1756 1783
503 754
114 494
947 1503
1539 1899
1537 1751
747 1647
42 535
424 1064
1226 1727
586 754
752 1779
1045 1455
173 895
196 1259
374 380
514 1332
1371 1450
435 927
754 1079
226 903
754 924
198 615
1886 1973
253 713
754 1031
138 1246
1245 1277
754 1667
644 1671
1236 1816
117 1188
194 1469
632 1882
1627 1772
605 1190
95 1903
779 1931
621 1163
690 807
609 1533
947 1854
676 823
754 981
500 725
747 860
412 754
754 1547
286 631
1350 1673
173 726
1014 1040
1497 1703
640 1248
1892 1942
408 1443
800 1012
1129 1551
373 1539
1408 1745
271 1420
450 1662
1705 1943
873 1812
659 988
470 1887
456 827
1189 1483
1398 1458
493 1632
771 1895
113 828
