100
1853 1946
2 202
754 1590
1018 1131
592 1384
732 1944
265 340
1464 1521
45 1272
524 978
754 1681
671 810
811 1154
260 1529
187 1289
61 847
1238 1978
718 754
1780 1981
212 271
93 754
968 1081
322 1803
309 739
1967 2019
205 1085
761 1848
349 1472
939 1794
746 914
1327 1400
417 590
754 1225
1310 1928
198 1964
240 468
702 1012
84 1035
790 1534
407 662
1152 1348
494 663
430 800
754 1602
31 360
227 1047
1148 1956
16 639
804 1752
139 180
1147 1276
719 1310
754 1428
867 1150
776 1788
754 754
23 1816
1457 1965
610 1972
1502 1654
293 529
208 1971
684 754
133 818
586 629
754 1109
754 1743
661 1423
271 1214
121 584
1208 1906
14 1076
1982 2019
292 1069
1164 1452
94 754
648 1805
819 994
1831 2014
1612 1712
866 942
733 884
918 1945
504 754
399 1298
636 1246
1431 1942
1081 1813
366 754
1440 1970
1068 1256
400 1548
919 1832
650 1856
988 1639
514 1583
513 1866
754 1064
343 765
316 770
