100
754 1361
579 754
754 1938
425 1877
177 595
429 891
1426 1672
65 70
969 1472
1360 1679
979 1477
754 889
412 1740
1 1315
1460 1778
106 1705
463 570
460 1162
1297 1524
373 1310
1561 1690
483 1303
754 1006
1402 1813
810 1155
372 1905
346 910
214 298
645 754
31 1116
1364 2016
744 1778
18 349
662 911
549 754
851 1195
460 609
667 1625
55 436
4 1494
118 754
1416 1622
1253 1585
736 1330
150 1150
609 1700
754 1715
132 655
15 149
1471 1871
595 1280
35 754
1443 1735
635 1886
1703 1831
304 1593
597 1064
938 1553
694 839
608 2005
754 1102
231 1409
274 608
1288 1380
859 1551
1199 1571
647 1791
85 218
356 508
444 515
754 1707
666 754
411 464
647 754
248 1925
378 1137
624 1724
1705 1805
199 1001
871 1666
214 352
1351 1481
1144 1353
315 1261
963 1164
657 1623
121 355
1190 1607
647 1947
1371 1415
1897 1912
640 754
677 1333
176 1094
990 1118
1681 1736
561 1777
979 1808
901 1126
1064 1323
