100
1823 1874
798 1774
843 1078
746 1242
690 754
445 1998
1347 1442
754 775
1206 1734
610 1994
1681 1888
18 512
772 1306
983 1933
943 1801
20 256
688 1890
1139 1200
498 703
660 916
326 558
489 1927
83 1778
137 352
1762 1989
778 1935
668 1171
6 1484
106 1946
870 1734
515 754
712 714
1113 1511
440 883
531 1025
475 1897
330 1947
167 1148
1807 1868
633 1299
754 1652
606 1488
947 1480
1451 1481
199 1305
264 292
549 1397
451 1460
290 549
764 1972
230 754
422 754
76 1416
915 2020
255 446
112 1103
1349 1545
1065 1117
300 739
267 1432
336 400
114 754
126 1146
1358 1553
284 901
106 748
278 715
76 218
279 1382
278 1846
1693 1742
53 1184
182 1458
215 897
1513 1610
353 1136
1370 1581
111 754
754 754
633 931
651 1310
1365 1407
1858 1899
1735 1840
918 1366
273 1409
1456 1730
1071 1516
258 1661
199 1308
1528 1617
1084 1701
276 737
463 1570
754 754
904 1360
754 812
1460 1865
214 1325
754 1512
