100
1268 1738
22 1366
717 1707
754 1527
1068 1888
1790 2011
1930 1989
255 795
320 1183
156 1778
205 1361
1054 1542
540 1267
754 1876
324 1858
751 790
493 757
971 1877
809 1453
1551 1630
1265 1757
168 626
780 813
180 629
1138 1331
472 513
58 715
181 475
754 1831
807 1300
674 1298
534 1847
866 909
390 1093
1821 1847
873 997
338 606
391 1224
446 1851
449 1718
674 1635
1094 1517
962 1831
46 1283
202 632
1705 1730
517 706
1105 1424
855 1027
1081 1626
726 920
336 1850
73 1426
316 754
259 1582
185 1335
916 1200
480 754
1691 1764
182 905
735 989
162 204
623 829
1201 1539
103 341
306 1359
1113 1195
854 1234
8 140
201 496
815 1047
103 1229
333 351
716 1952
62 422
166 443
1414 2017
665 717
649 1088
3 1074
754 1198
142 754
1240 1612
695 862
1497 1917
606 1854
122 1134
247 754
769 1233
533 953
558 1772
754 1540
301 1191
284 1898
1169 1965
298 888
754 954
378 814
358 1910
436 687
