100
1782 1834
730 754
837 1952
977 1265
477 1646
314 754
850 1428
677 864
211 1021
1496 1718
1238 1417
593 2011
437 1680
668 1757
708 1423
129 465
554 593
54 316
1107 1829
477 876
51 1963
585 1067
396 648
274 894
224 554
163 1931
1223 1533
475 1820
754 984
250 1193
91 721
95 810
12 1968
754 984
240 580
44 1963
296 898
664 1873
695 1098
89 1720
830 1516
87 640
592 1496
754 831
754 1631
350 754
694 1774
228 754
1097 1753
58 1521
992 1855
145 1521
873 1456
485 1000
754 1224
1056 1291
23 1070
1277 1328
828 1813
582 695
314 965
757 1192
933 1401
1496 1663
397 1806
1337 1352
534 1489
398 1161
754 1404
445 521
659 1797
485 1012
912 1534
350 1055
629 1036
973 1034
138 505
679 754
890 1979
625 1179
1272 1754
860 1845
4 214
439 1181
1278 1678
320 1045
952 1305
199 1981
700 1583
69 607
376 1622
1294 1987
69 1315
699 1374
1216 1629
893 1313
235 1488
1413 1723
30 1337
504 1673
