100
754 965
1231 1731
911 1963
813 1573
1470 1477
259 1562
1691 1895
764 1326
396 1980
507 921
825 1888
1873 1956
765 1985
584 1351
268 333
824 1046
754 1623
1753 1817
545 636
339 878
1001 1335
1309 1867
252 709
318 438
911 1977
1897 1981
607 855
285 587
737 1154
76 136
395 806
1454 1765
934 1613
1234 1613
1115 1265
584 1793
1247 1717
523 582
104 296
59 478
754 1066
979 2015
392 446
1308 1380
590 1716
1403 1485
918 1927
92 453
1476 1913
266 1980
1270 1860
17 144
1270 1736
824 1752
4 874
1639 1821
196 1346
568 1605
396 1731
155 1470
220 474
833 1929
19 243
1084 1456
52 754
1259 1637
1115 1612
754 1866
1330 1624
745 912
875 1786
1505 1540
1536 1949
185 1088
208 1978
70 1223
1425 1469
1791 1791
26 1526
334 994
1702 1786
247 1616
60 754
1290 1571
439 546
454 1994
687 1348
1103 1787
329 754
467 633
642 1786
718 1469
398 1956
1370 1886
528 1942
547 1078
93 1863
563 1905
1167 1182
411 1219
