100
102 1699
839 1596
758 1816
274 513
79 447
135 873
943 1955
245 1506
726 1548
862 1906
31 1257
1187 2005
835 916
127 1100
704 1387
324 569
1544 1587
926 1948
191 1449
1075 1326
601 1399
224 634
503 1593
66 1919
84 1906
1166 1956
48 1620
509 517
140 1527
1247 1319
676 1028
135 1715
1120 1754
1727 1820
442 1173
512 1142
685 1874
1233 1345
754 1497
503 1746
213 345
497 1281
627 984
418 872
657 1569
148 754
333 754
120 454
533 1839
36 162
639 1359
934 1659
1830 1992
889 1997
652 1831
827 1572
640 714
781 1406
11 325
341 487
526 848
1020 1698
754 1268
508 1719
81 615
235 1649
199 1834
770 1216
754 792
478 1275
38 1734
634 1458
544 1766
697 1343
560 754
476 1354
1239 1710
358 1943
754 1107
846 1758
184 1746
829 1374
1277 1287
837 1815
127 1858
324 1291
153 1151
70 1892
408 1562
338 923
246 1549
753 1724
126 283
370 448
304 754
674 1940
1312 1366
141 646
577 1810
668 1817
