100
15 1611
731 925
496 692
33 834
668 809
41 300
952 1969
194 1514
160 576
1164 1806
753 1353
348 789
754 1231
382 1804
422 754
955 1328
826 840
189 1662
22 562
684 1692
878 1796
577 1719
565 754
199 1267
59 1590
584 1323
710 1593
137 513
754 1518
258 485
533 731
1294 1389
233 406
171 249
27 754
1804 1857
900 1762
867 1856
243 1386
914 2007
1326 1845
819 1923
1503 1902
892 1890
1747 1776
1270 1604
754 1551
127 271
624 723
1545 1852
648 754
754 1017
1534 1540
98 1578
607 1159
58 965
939 1637
1222 1998
754 1949
1122 1529
246 754
413 1041
754 1837
1075 1440
1656 1963
1213 1801
1065 1746
852 1474
617 754
423 2014
178 1343
220 866
836 1347
799 1696
325 394
563 1723
959 1365
265 1913
754 1417
1195 2014
473 1583
596 600
201 1645
742 1603
92 1238
1359 1447
806 956
1033 1391
754 1361
1287 1981
241 1570
145 1942
324 1459
1352 1950
225 1566
316 1746
38 1610
1150 1486
87 530
233 1480
