100
1392 1786
126 1404
754 1732
754 1434
464 848
1095 1513
732 1234
485 613
961 1628
6 519
307 2018
1003 1565
288 1770
1515 1792
108 1211
1345 1638
702 754
676 1348
121 1709
1769 1860
1072 1157
1396 1589
69 1256
245 1495
42 754
1239 1367
1148 1908
156 1046
452 1809
720 947
1529 1812
115 683
1159 1413
641 1762
99 749
754 2015
465 1906
1189 1871
50 90
39 111
1377 1779
781 1659
478 756
754 1555
789 1361
1413 1720
1427 1715
499 1205
88 674
952 1998
65 339
819 1159
1187 1301
1426 1667
1430 1783
315 1064
754 1415
395 591
754 808
1350 1983
1778 1839
319 510
746 1044
862 1400
1072 1166
165 1508
306 1786
155 1394
660 1163
1374 1667
275 760
1297 1718
1396 1683
754 977
1034 1949
440 1595
318 729
368 1480
754 892
827 1828
244 586
754 1460
907 1478
473 754
1116 1971
145 1064
417 1689
663 703
615 1262
1375 1866
754 1388
632 1571
373 1189
52 1004
42 540
1123 1469
57 1043
754 1931
216 238
1267 1336
