100
852 909
740 1238
174 1338
682 908
1611 1753
1386 1990
532 1885
415 1811
1566 1850
754 1983
1070 1118
752 1573
664 1830
1005 1568
1299 1933
851 1373
694 816
961 1966
1419 1742
751 988
635 2000
979 1017
488 1758
834 953
144 1019
1182 1249
575 943
942 1847
392 1822
49 1711
739 1839
247 765
754 1594
754 1988
715 868
791 1804
661 1580
824 1036
1386 1693
1310 1947
374 1383
1519 1790
147 516
157 938
914 1532
717 754
91 754
754 1320
642 1611
600 1115
37 78
253 719
101 724
1168 1353
415 754
1472 1486
754 1481
1420 2009
754 1318
774 1442
89 1051
754 1743
1456 1554
1378 1543
835 1832
1141 1717
759 2010
433 1534
436 959
1254 1957
519 921
119 948
1532 1654
341 740
231 1513
1058 1308
424 1910
1537 1559
392 646
51 368
54 1058
702 1342
255 1802
3 97
67 1394
616 1757
734 1237
1442 1891
1149 1190
18 1430
1090 1306
754 1116
596 786
1117 1246
377 1448
395 1979
637 1338
22 1378
987 1453
28 610
