100
602 1247
915 986
290 906
33 1432
250 896
389 1217
754 1862
754 1748
236 1990
704 1818
997 1214
1549 1582
595 1121
459 1201
1923 1942
1438 1994
1299 1788
1428 1860
665 1925
870 873
543 1560
606 754
79 1711
483 1777
341 1034
211 764
309 754
1409 1908
1297 1810
1124 1794
248 1313
343 461
1363 1719
9 1452
554 1216
306 671
1331 1609
1389 1799
1277 1846
666 1115
1183 1450
754 1021
191 1522
606 1430
1652 1985
754 1868
1241 1567
576 1171
1558 1666
754 1866
57 1243
978 1289
1776 1921
948 1782
571 930
1546 1653
200 931
865 1419
754 1601
795 847
797 1286
343 1428
944 1915
1120 1452
324 640
1384 1695
1798 1946
364 1908
1247 1449
1289 1938
1141 1404
296 1862
206 1943
444 1520
819 1742
1298 1491
127 1494
23 1303
299 1391
119 301
1405 1553
754 1116
232 1457
661 1517
716 1665
1563 1622
57 909
982 1754
754 1718
656 1350
254 754
683 985
420 1733
89 698
121 1112
1549 1657
821 1865
1588 1636
942 1247
122 1617
