100
404 1051
409 1066
1424 1813
836 1988
1100 1743
535 1667
665 1351
730 754
236 1358
85 1156
1033 1765
227 262
226 1129
420 754
741 1471
1058 1534
467 486
541 1839
943 1475
1280 1908
276 1231
99 580
1401 2018
211 708
235 1857
754 1652
19 137
1171 1201
754 1934
999 1465
754 1695
754 754
973 1050
163 1460
895 1352
19 754
1356 1399
150 754
367 674
1311 1707
164 1538
14 74
1009 1543
66 440
1041 1949
1038 1952
215 754
734 1013
1344 1563
481 803
96 602
606 1105
434 754
225 982
884 1468
73 589
978 1860
1413 1871
606 1494
394 2004
136 831
86 612
1070 1611
1121 1210
40 397
906 1709
368 921
754 1628
540 1992
1079 1566
909 1728
549 1592
74 1744
190 1615
834 1899
104 1642
1072 1360
148 1227
776 1306
1030 1683
724 1441
586 1117
1402 1930
754 1118
211 1909
728 1005
736 1677
868 1104
201 791
261 712
552 946
406 775
282 285
754 754
128 996
136 344
343 1952
1550 1604
1107 2007
346 1859
