100
1537 1665
754 1906
754 1449
83 512
1166 1232
1109 1731
459 1934
1416 1983
754 1523
618 1229
519 2016
645 754
1522 1597
733 1370
1161 1256
1866 1964
75 362
633 1538
1611 1875
443 1804
898 939
235 754
1727 1800
259 544
768 886
610 801
838 1744
754 758
298 819
1252 1351
1891 1972
908 1457
173 1902
707 1355
91 1112
781 895
1068 2002
218 1482
1067 1816
1122 1579
287 959
959 1340
162 1188
732 1001
331 662
331 685
674 1605
754 1637
964 1133
415 754
393 754
1011 1122
754 1771
385 1539
1034 1316
641 1875
828 1353
1074 1757
744 1661
1161 1295
1126 1493
129 361
754 1935
31 1351
614 1461
754 1810
563 1883
737 1437
754 1590
675 1183
260 591
604 874
999 1702
521 754
872 1024
285 1712
754 823
32 730
569 1299
786 1497
590 908
371 1285
1017 1928
214 900
754 1446
1152 1251
754 1965
1368 1466
263 873
1669 1871
211 1732
1031 1573
893 1324
747 1938
1827 1855
596 1046
814 1226
1367 1564
754 1009
499 502
