100
576 1705
504 720
345 1237
957 1794
1239 1997
754 1355
1036 1699
52 126
476 1697
63 595
172 1573
1716 1963
177 938
572 1663
226 1400
754 778
681 1951
42 1802
963 1917
1056 1402
754 952
72 754
1593 1805
1114 1806
754 1675
1601 1735
225 866
6 1392
54 1018
316 562
305 686
91 340
1586 1787
1531 1542
161 1885
895 1668
94 242
433 1725
1005 1621
1248 1341
754 885
47 359
1471 1916
754 904
918 1611
417 1113
311 603
1094 1585
359 754
150 480
18 1166
1232 1940
1016 1542
844 1829
800 1831
821 1288
347 1170
444 581
1331 1682
640 1713
335 1771
446 1634
780 788
1035 1154
601 1168
1583 1716
787 1082
690 1331
337 1577
215 1592
79 1393
86 999
378 754
68 1766
754 1333
357 561
1604 1790
929 955
89 110
182 1952
754 1783
265 1942
182 964
512 849
1469 1895
1560 1918
1141 1809
482 1515
438 1293
486 958
718 1724
296 754
754 807
997 1254
1827 1937
608 988
310 1675
754 1913
347 1714
620 1778
