100
754 1805
865 1995
754 1906
87 1171
1012 2007
156 277
1946 1960
682 927
222 1477
1242 1521
1438 1862
749 1655
1034 1947
1313 1500
304 904
1208 1686
595 1808
695 2003
1436 1696
300 754
1736 1873
1168 1960
18 942
754 1659
754 1268
1210 1339
330 1943
1637 1881
265 1172
57 754
1263 1708
178 1305
584 640
5 1078
816 861
963 1826
932 1041
1081 1392
336 1339
369 1999
505 1435
540 1206
293 1298
137 1588
491 577
1603 1880
1214 1225
1223 1764
624 754
900 1560
85 754
348 584
1191 1375
628 1664
1740 1941
509 1502
441 754
470 1362
290 1071
567 861
1071 1874
664 1964
1032 1559
552 754
403 1208
1144 1901
138 1686
336 1534
553 1173
1021 1748
1599 1606
251 284
409 1019
937 952
956 1188
754 1148
427 1942
754 957
1345 1934
1672 1748
791 854
551 996
453 668
1558 1974
754 1922
710 902
1221 1761
308 1909
1833 1953
754 994
736 1529
1538 1677
88 645
1213 1405
586 1237
883 1055
1075 1959
588 1378
1112 1361
912 1930
