100
126 886
877 1995
656 754
938 1937
12 561
473 1698
669 1276
634 754
101 546
387 1918
54 1659
672 805
1495 1713
385 1427
1021 1734
272 1325
201 754
1235 1404
895 1741
754 809
29 1113
1301 1484
390 909
165 335
1047 1290
754 1366
249 425
310 765
754 1054
48 770
230 1834
389 865
627 887
643 1902
1418 1630
1231 1923
754 1740
1266 1583
30 1363
447 1109
362 1015
1058 1438
1274 1987
158 1801
11 845
730 1207
161 1152
429 1288
208 868
506 637
372 1153
228 1964
1062 1394
167 1610
267 1460
906 1667
112 754
1346 1964
502 1188
111 529
634 1049
245 613
124 1098
754 1589
1416 1941
1494 1889
67 754
779 1125
164 378
907 1653
64 2006
1323 1743
450 565
385 1961
888 1476
157 715
114 436
276 559
158 1030
411 443
7 911
425 2014
293 1835
1243 1905
1638 1998
333 1137
413 1506
533 754
379 1478
978 1249
643 1746
61 1676
266 1749
495 1248
542 986
1402 1952
269 321
1349 1678
485 537
277 1527
