100
885 1071
559 1619
754 1182
1118 1466
19 682
148 667
1584 1888
521 1028
754 1467
818 1428
754 941
777 1801
534 754
595 1423
1440 1608
532 874
91 963
968 2005
613 1061
1166 1736
20 389
1631 1674
145 1703
754 1923
228 385
451 754
1371 1792
123 1773
1406 1710
739 1097
754 1818
754 1358
221 1152
754 754
21 658
85 338
1021 1378
485 1840
98 929
754 1909
754 1249
754 1702
1143 1802
592 1895
409 1141
229 1480
1313 1412
300 754
754 912
500 1953
638 1193
500 1064
1490 1987
1456 1511
1436 1659
754 1234
205 428
90 90
811 1675
1000 1960
899 1619
452 754
705 1056
171 754
250 1075
683 1737
140 1575
89 112
83 830
1407 1511
389 754
1 1819
774 1376
734 798
934 1615
220 1806
624 1676
595 1745
1191 1720
720 836
584 587
440 1066
64 380
381 1142
988 1621
546 1837
675 977
249 1144
760 1435
236 428
3 1301
63 804
754 1480
515 1875
766 1980
772 1965
65 359
754 754
56 1328
564 1458
