100
86 1817
1750 2018
630 683
432 1894
84 1098
114 718
1046 1720
748 1658
754 835
1442 1831
1131 1805
75 141
32 837
365 754
1073 1659
915 994
159 950
694 1071
617 889
1353 1794
754 1295
458 1959
1083 1955
311 754
365 1721
595 1987
1168 1855
543 1157
459 1749
258 571
1330 1658
205 281
86 706
538 754
754 822
754 1752
731 1961
83 1474
1463 1926
251 784
46 642
564 1900
1822 1835
692 1798
284 581
180 855
607 1763
473 782
5 1516
780 1036
84 1862
1020 1328
1055 1459
183 748
754 1764
126 1929
1054 1938
100 1537
680 1177
322 825
505 523
209 284
937 1902
1303 1600
754 962
490 649
616 1940
533 1078
417 835
1140 1145
941 1854
754 1506
754 961
922 1670
64 1923
825 1362
1833 1929
754 1913
1062 1663
754 1163
7 1930
560 1781
311 1991
38 1806
430 1246
98 1421
131 263
99 1833
495 771
177 828
1204 1539
200 479
466 964
1183 1637
184 754
6 296
45 418
148 1512
754 1240
697 1731
