100
1695 1956
754 1482
951 1167
1181 1690
140 1652
38 1579
1115 1258
224 297
954 1430
1124 1914
221 845
679 924
36 377
976 1299
667 1913
409 589
73 665
396 1852
477 754
530 566
384 754
1585 1776
1007 1709
754 1253
1168 1802
317 1393
754 1896
923 1541
17 866
1272 1819
557 1750
754 992
112 981
74 1589
1449 1707
1639 1932
1067 1411
496 1040
818 1204
657 1192
754 1325
788 1224
921 1138
313 1080
14 135
128 324
469 1324
435 477
981 1301
633 1291
599 1265
821 1851
588 1737
1503 1949
903 1331
443 457
1541 1994
754 754
1955 1990
311 1654
154 469
105 243
121 1658
976 1314
754 754
451 754
927 1799
501 1546
162 189
1281 2002
754 1926
1237 1490
74 1907
1028 1443
1403 1716
767 925
1340 1832
754 913
679 1609
984 1305
772 1445
527 954
754 1566
709 995
634 1522
533 1746
1739 1757
357 1147
793 1940
754 2016
88 558
374 1006
689 1318
194 575
182 1803
306 1770
424 1151
825 1132
1 331
28 99
