100
16 513
754 1292
63 910
1433 1762
1143 1326
456 1469
1686 2017
1384 1646
866 1442
1170 1885
1038 1809
455 739
612 1913
277 965
589 1816
452 1760
1571 1627
298 754
154 1294
192 507
754 1242
1135 1166
342 1916
172 754
1029 1766
322 925
682 1235
298 791
1136 1922
1484 1945
116 183
134 525
692 860
1023 1928
853 1973
621 761
15 1064
68 516
1258 1333
510 962
204 1020
489 672
422 1712
754 1221
148 587
754 924
993 1694
184 1353
1015 1472
625 1059
754 1772
1257 1649
297 313
684 1780
693 1313
1350 1743
1053 1770
337 872
360 840
658 1224
754 1966
325 1324
754 1090
1061 1543
1750 1915
285 1774
525 755
104 309
237 1564
232 754
779 1413
128 1187
410 518
893 930
1747 1775
754 1023
290 731
1814 1869
1660 2006
109 844
1469 1812
312 1906
146 766
1847 1943
65 139
1353 1958
484 1883
201 1509
605 2010
683 733
232 509
754 1120
1311 1741
614 1824
608 1364
424 704
869 1454
19 754
737 989
228 1889
