100
891 1877
75 754
373 754
866 1351
754 1210
664 1434
64 1000
129 1374
1369 1383
1255 1600
111 181
523 982
608 860
754 1971
637 754
754 1608
713 1445
738 1838
697 942
55 1752
15 1375
1759 1828
294 875
514 1839
720 1541
753 1891
989 1488
1136 1993
598 1942
79 325
465 1757
944 1387
1068 1546
107 164
339 754
557 1997
618 1743
459 1389
103 754
826 1026
908 1586
754 963
540 1951
176 385
759 1471
754 826
1187 1656
233 1544
826 962
350 1552
304 1824
1010 1296
173 612
165 1185
277 1535
1853 1948
1439 1640
851 1133
789 1262
1350 1479
379 1947
746 754
946 1885
326 1851
358 1604
8 306
46 1244
508 754
463 1934
102 1195
754 1529
795 1850
314 1096
41 754
220 754
106 415
654 902
331 1088
716 1061
1038 1111
202 1418
565 1932
745 1866
1691 1728
594 1783
316 462
180 1295
291 319
494 1275
754 1222
1701 1856
511 1154
1036 1292
618 1334
897 1176
928 1284
810 1461
39 1857
632 914
663 1269
