100
707 1210
121 1554
1114 1193
754 775
109 1483
238 1330
911 1564
224 713
605 1041
754 1984
571 1796
1109 1897
1054 1735
238 1005
1514 1861
1017 1197
169 1860
85 1532
499 1861
671 1169
415 1898
704 1509
1491 1921
199 1507
17 1261
261 461
938 1036
1542 1722
648 1225
477 1711
1318 1389
58 872
206 267
1351 1933
667 758
591 1633
1365 1515
126 1555
754 944
796 1270
408 631
1565 1750
404 1367
918 1624
754 754
754 885
577 1327
1233 1923
1234 1535
930 1465
185 754
582 754
1218 1870
1914 1928
754 1514
99 1868
518 754
730 1284
1248 1847
216 1331
1315 1650
179 1711
754 1640
132 280
755 1482
10 160
22 631
746 1747
359 1099
6 1788
754 824
6 754
267 1395
238 1983
1126 1619
584 1721
895 1824
140 1469
1648 1720
227 510
600 1033
594 1547
1454 1468
754 837
1 1253
1208 1619
135 1541
754 1360
166 347
803 1067
101 1991
1078 1575
569 1845
89 296
496 1836
223 1927
1586 1639
681 768
944 1244
387 546
