100
1953 2016
1305 1877
889 1462
1216 1453
666 1054
760 1453
471 1680
411 570
516 1429
677 1614
122 643
97 663
447 774
972 1490
895 1895
368 607
201 1889
350 598
602 1245
717 797
100 612
555 1011
1251 1868
1749 1900
665 1135
757 1315
70 239
1410 1749
1215 1782
955 1895
792 1255
1056 1415
47 1722
1362 1378
16 684
335 426
841 1057
161 915
1407 1458
570 754
592 1384
710 1516
503 1403
135 667
324 1265
453 742
939 1341
882 2003
88 1589
404 972
274 1308
350 1193
1 1005
754 1150
1149 1783
742 1302
573 1899
153 1337
574 782
222 1180
418 638
994 1825
913 1470
1065 1703
423 1016
1729 1802
466 1125
714 1523
839 1708
358 754
576 946
754 1066
176 581
1180 1461
393 1690
240 1108
1134 1783
259 1330
1256 1445
888 1670
320 427
875 1426
382 838
754 1069
1929 1942
389 511
1583 1807
143 544
653 1216
1095 1346
60 1890
655 754
863 990
754 883
753 1374
538 1372
862 1956
1181 1947
477 1581
1429 1657
