100
339 1366
184 272
830 893
688 850
237 1296
1447 1496
725 1749
1110 1993
980 1765
30 2020
295 1961
678 1993
644 1087
448 511
124 315
529 1774
95 590
548 1753
1044 1655
1141 1266
608 1734
1701 1907
1005 1653
1258 1422
1578 2014
769 1990
171 390
563 1227
754 1422
621 1336
1507 1553
119 375
1806 2014
198 1133
1079 2018
175 1458
722 1869
1674 1841
1025 1742
141 1588
955 1642
1347 1717
425 806
268 754
279 706
153 1489
130 1135
807 1968
339 816
792 1429
322 842
157 754
1669 1906
951 999
412 886
536 1945
151 1474
628 1544
703 1034
668 1608
513 1531
754 1530
1206 1221
662 1861
1124 1761
1526 1998
1077 1809
1230 1339
810 1555
288 1404
916 1147
1333 1714
754 1137
1332 1707
530 1020
570 754
154 754
988 1155
1163 1420
39 875
369 605
263 1121
308 1782
526 870
754 1484
740 1805
79 2012
260 1526
1438 1990
992 1454
540 1424
1065 1499
721 1873
453 1894
444 1674
754 1114
483 1640
599 1772
899 1841
350 382
