100
1626 1751
356 1992
166 1329
754 1839
902 1331
492 1632
771 2003
1152 1930
89 1990
425 1863
63 194
1448 1839
1613 1898
711 1689
273 1962
754 1416
731 1718
1017 1058
766 1028
101 1048
266 1619
140 447
552 1873
126 824
1691 1967
1172 1351
858 1350
782 1936
682 735
134 845
1205 1784
9 811
1443 1680
708 1606
389 754
961 1323
453 800
585 1620
311 949
1354 1825
1104 1601
699 754
1056 1320
745 1199
519 1026
726 1549
1494 1584
754 821
1357 1788
699 1272
897 1198
754 955
694 1014
1187 1506
370 1630
51 1572
104 1041
164 1744
368 1938
497 1198
17 1778
154 364
193 1725
386 852
754 1919
1140 1385
589 1119
116 1445
115 1282
754 1908
1345 1792
184 754
1037 1668
569 877
754 1107
1149 1727
715 924
1022 1769
962 1517
101 1304
815 1791
1366 1795
787 984
42 1024
458 1278
622 1165
701 1295
754 1292
18 1106
754 1036
534 887
120 1382
1421 1892
264 1211
754 1791
458 1291
227 1580
754 1360
157 754
754 1339
