12
0 470 792 210 741 13 426 244 377 65 636 147
577 0 200 963 480 718 948 882 662 497 308 58
837 392 0 323 899 821 251 599 687 673 174 308
243 572 642 0 439 237 810 900 942 631 378 658
314 424 891 398 0 107 391 515 403 41 621 621
784 725 269 897 325 0 862 707 688 227 778 319
662 590 484 847 634 379 0 505 181 301 38 869
128 442 947 234 124 802 535 0 285 531 309 800
58 421 812 911 800 183 902 115 0 347 627 930
407 795 477 239 765 523 865 829 936 0 412 145
79 215 724 887 961 947 963 29 633 520 0 562
50 751 947 261 525 553 385 857 670 148 985 0
