13
0 323 84 814 404 522 441 771 826 878 842 854 85
182 0 540 894 172 345 302 439 488 655 90 715 38
804 127 0 227 883 900 878 444 512 826 236 536 44
598 828 660 0 382 827 582 195 752 252 806 687 877
759 991 958 58 0 933 835 306 572 202 997 816 534
87 576 925 646 827 0 193 424 241 852 887 525 425
415 223 869 715 232 996 0 707 348 327 543 932 874
726 142 682 728 804 120 423 0 501 376 981 339 960
127 111 996 989 69 619 321 829 0 246 909 343 920
197 688 75 591 124 697 555 596 178 0 78 746 736
188 101 528 833 998 201 281 664 765 850 0 440 525
716 642 890 620 387 894 481 767 508 383 609 0 969
14 969 332 684 99 285 56 175 508 318 855 348 0
