14
0 97 724 755 589 785 126 467 528 762 580 495 468 641
170 0 886 763 473 12 225 710 562 238 110 103 977 617
756 616 0 238 112 878 346 635 329 337 7 698 3 863
329 560 152 0 973 623 622 635 900 498 840 38 601 481
752 595 105 864 0 591 225 597 264 328 861 727 133 995
891 578 120 473 456 0 555 812 61 362 616 947 462 713
448 683 200 641 913 652 0 22 598 715 699 161 315 111
291 493 585 620 135 943 532 0 210 598 694 394 448 563
855 711 240 36 233 545 233 743 0 131 395 949 69 498
475 627 894 647 745 868 14 671 437 0 57 323 605 859
452 43 535 959 69 75 464 292 220 952 0 373 204 967
495 757 233 913 430 670 376 436 259 659 835 0 726 418
6 266 776 839 95 17 364 714 695 364 808 711 0 563
556 523 895 2 762 615 580 608 612 1 622 144 271 0
