15
0 972 275 630 44 356 297 932 963 1000 747 768 81 559 596
127 0 642 14 338 726 718 276 66 712 295 203 594 951 313
131 954 0 576 552 747 378 955 157 351 501 234 106 447 452
200 158 497 0 415 957 111 169 841 434 646 470 605 135 677
30 194 991 252 0 624 501 189 79 602 258 877 139 240 391
379 706 845 14 472 0 885 283 983 67 223 451 378 413 866
364 245 130 274 446 758 0 277 73 486 286 105 281 499 540
366 558 402 682 913 150 915 0 633 66 81 776 780 901 887
599 434 4 949 611 521 118 709 0 314 471 768 54 892 641
83 406 934 853 380 357 770 71 271 0 551 109 985 421 582
296 832 762 78 346 464 444 335 634 270 0 493 399 417 979
932 977 883 429 751 383 155 901 932 361 104 0 705 956 695
9 43 682 635 501 728 712 333 600 775 359 351 0 786 542
323 52 795 150 738 17 268 170 389 585 1000 372 218 0 543
366 416 408 111 957 172 604 794 889 986 650 821 415 926 0
