16
0 752 710 619 325 310 779 410 313 82 87 957 590 114 898 475
973 0 563 698 330 222 40 368 859 178 97 921 33 360 545 172
432 911 0 18 241 96 781 901 50 555 554 392 518 779 59 52
399 708 792 0 115 843 730 484 517 709 333 672 11 958 601 137
425 471 337 866 0 78 814 71 623 245 767 372 939 69 749 468
469 616 310 180 257 0 539 127 909 786 9 460 522 785 469 765
266 544 457 780 830 185 0 916 599 186 236 918 602 316 445 150
483 792 384 335 416 100 989 0 961 64 279 449 921 738 300 680
886 860 845 68 985 399 247 267 0 524 391 811 411 357 852 603
209 798 792 260 350 345 317 514 877 0 584 414 512 776 521 5
306 841 167 402 469 439 544 516 312 431 0 96 264 311 524 112
785 627 63 848 924 5 435 426 176 396 331 0 305 259 42 480
400 52 428 505 858 208 266 699 921 66 155 866 0 650 203 272
336 365 562 668 480 448 54 286 352 227 954 384 144 0 752 646
614 93 331 95 736 490 426 450 758 63 66 165 588 493 0 82
759 319 323 657 374 417 671 629 550 843 275 98 318 419 244 0
