17
0 761 262 655 639 876 727 81 481 429 770 210 638 258 225 948 718
507 0 518 779 414 736 794 642 716 571 362 632 566 609 397 37 633
152 846 0 468 650 969 969 163 369 341 502 9 190 71 241 672 522
768 717 975 0 236 556 240 867 813 242 319 337 638 716 841 416 457
458 537 371 782 0 495 927 289 120 260 509 865 791 766 495 873 102
337 893 624 547 173 0 132 42 702 941 662 741 551 284 113 434 233
692 49 371 887 494 38 0 238 877 30 236 384 965 220 991 666 728
661 597 503 29 191 744 25 0 380 826 950 497 687 760 286 711 967
197 532 202 471 167 971 354 757 0 626 644 319 960 436 566 304 974
576 130 702 361 571 539 268 289 671 0 228 719 68 514 944 100 775
814 329 439 824 647 629 343 295 915 542 0 1 833 61 173 174 863
51 953 78 41 989 705 128 721 353 941 907 0 362 744 658 147 204
154 413 491 982 366 615 676 950 377 141 722 643 0 610 45 593 624
313 410 438 612 724 21 616 484 523 172 18 993 714 0 629 9 331
435 36 656 583 364 782 557 435 24 512 377 824 609 495 0 473 430
266 563 947 19 634 371 436 279 941 306 463 551 552 104 628 0 192
457 971 952 114 181 994 395 157 605 204 241 400 313 62 255 548 0
