18
0 647 375 358 797 176 343 315 787 919 984 343 458 465 192 895 921 174
36 0 282 278 328 129 222 624 661 734 454 378 349 481 454 222 217 539
396 497 0 568 468 815 353 109 816 579 463 906 867 577 995 118 488 266
406 185 238 0 954 810 264 2 270 723 496 86 405 146 33 298 81 98
202 117 482 117 0 351 688 187 997 598 201 898 866 67 372 985 596 556
617 763 429 163 145 0 791 269 970 988 330 291 906 349 213 599 538 85
897 767 538 859 786 539 0 425 680 229 136 563 168 236 257 143 489 105
279 767 899 805 630 878 765 0 642 626 640 826 532 837 775 654 714 796
473 469 622 114 270 935 161 355 0 336 460 376 255 875 674 468 215 397
34 166 684 797 904 185 503 859 699 0 231 63 55 404 82 109 151 921
168 856 171 759 637 542 131 680 285 557 0 415 419 233 18 396 131 891
259 746 87 192 513 662 125 645 750 373 688 0 757 534 844 225 989 903
404 355 377 347 485 545 516 923 86 415 360 286 0 436 142 586 75 690
355 406 965 482 83 737 79 452 969 335 245 705 975 0 177 158 883 23
959 733 239 600 239 518 25 255 547 71 17 629 347 592 0 137 913 115
865 603 703 811 986 839 325 222 456 593 394 423 582 584 739 0 843 304
550 997 146 964 983 484 473 345 209 55 708 346 39 560 925 324 0 700
238 481 605 720 141 833 195 44 903 715 731 563 38 900 93 194 30 0
