19
0 450 586 901 535 83 494 377 929 896 974 52 982 893 686 961 32 172 834
378 0 586 135 993 937 1000 199 518 789 286 656 22 356 679 34 728 701 306
110 999 0 110 61 971 285 551 59 347 500 237 465 920 486 84 434 290 642
221 938 704 0 806 190 659 563 680 672 22 408 851 657 816 157 506 349 190
461 3 944 880 0 167 353 100 991 281 193 558 654 388 348 777 417 144 458
1000 453 336 669 719 0 835 505 400 356 947 657 843 683 584 62 110 130 825
458 403 601 35 93 984 0 46 117 405 236 111 969 64 620 813 76 847 372
549 613 554 742 669 526 254 0 34 100 319 882 962 755 80 903 416 855 968
57 991 559 583 232 151 433 596 0 528 978 450 58 823 749 970 551 23 205
168 313 837 165 500 109 394 43 591 0 720 300 666 459 961 257 255 529 625
913 582 422 602 605 301 507 490 572 51 0 272 926 525 539 877 892 905 300
668 387 716 699 452 173 444 642 513 980 965 0 668 724 986 264 309 383 935
581 928 832 197 620 780 886 664 479 742 791 784 0 210 368 267 31 528 229
627 366 680 534 894 94 600 371 777 170 899 639 56 0 924 686 366 685 6
810 481 111 556 979 90 214 357 75 854 561 866 804 606 0 226 679 658 34
626 937 753 166 99 861 328 603 999 883 455 807 951 813 136 0 655 590 84
67 630 597 268 984 466 271 247 604 767 744 726 391 871 908 978 0 428 396
143 536 535 880 426 222 703 772 572 116 575 76 99 920 605 637 202 0 509
362 122 195 892 7 8 21 45 529 535 62 525 685 266 58 291 930 3 0
