20
0 778 697 346 734 156 550 915 783 9 777 550 31 517 520 224 59 973 394 49
402 0 200 316 277 243 896 581 9 277 829 356 367 312 677 866 361 663 184 178
485 10 0 320 310 587 829 313 546 397 603 863 204 960 767 528 896 85 73 180
306 514 28 0 918 326 451 994 45 497 266 713 321 197 939 125 974 151 431 146
427 560 413 967 0 875 323 772 206 691 227 915 569 801 330 62 659 641 612 381
409 419 133 939 169 0 222 185 560 27 689 379 411 485 104 425 250 692 589 225
280 336 714 250 512 957 0 193 500 856 309 477 239 661 728 730 15 163 593 4
257 33 779 50 503 416 161 0 484 832 449 707 539 360 51 645 542 426 568 132
740 876 930 447 187 672 955 733 0 942 321 362 572 398 527 301 487 994 350 619
86 175 903 406 105 910 352 932 2 0 965 765 946 762 927 329 980 322 158 631
440 475 433 460 727 196 474 314 993 993 0 731 831 674 67 796 933 310 153 856
630 157 659 589 116 951 166 142 9 522 853 0 139 769 867 52 250 266 956 962
603 870 165 766 747 949 398 131 696 435 375 617 0 708 504 400 168 92 135 376
955 89 883 18 858 691 665 719 796 376 879 521 644 0 584 162 334 567 740 19
224 522 474 299 588 9 517 510 552 934 731 700 916 194 0 744 54 459 136 282
376 206 618 517 776 273 715 353 580 602 689 194 76 823 377 0 999 52 58 65
536 881 188 606 354 850 443 376 785 956 428 29 152 13 530 498 0 729 530 179
188 887 100 461 65 605 459 827 335 472 8 679 190 748 94 862 487 0 779 215
431 431 487 780 393 100 543 102 436 941 193 542 295 19 607 470 517 414 0 148
488 581 439 342 944 305 451 816 805 212 883 307 553 787 805 667 314 835 131 0
