20
0 415 631 244 494 941 141 675 9 63 595 363 477 894 427 294 988 10 426 368
836 0 300 303 866 887 767 454 149 436 828 233 721 186 454 465 31 970 252 264
582 66 0 366 207 198 67 172 588 656 145 494 816 242 888 3 135 119 198 833
773 988 792 0 300 968 224 677 952 117 120 693 722 92 289 208 2 856 809 677
46 456 146 606 0 596 427 209 211 580 494 210 9 297 15 459 443 650 328 242
314 397 150 236 609 0 259 375 443 743 493 169 828 850 38 277 403 836 528 211
14 548 683 236 427 18 0 333 831 197 467 41 900 852 680 707 294 785 753 686
872 397 58 83 926 459 308 0 492 525 502 670 236 110 319 837 558 900 284 570
797 252 951 252 744 879 89 692 0 772 337 813 138 375 522 111 897 765 904 354
262 590 213 684 866 976 837 631 524 0 168 851 325 888 932 909 819 965 633 884
568 423 934 212 152 941 335 807 130 959 0 108 675 975 805 98 671 451 885 840
170 291 319 143 804 348 660 116 166 643 632 0 920 43 203 551 320 808 984 813
484 211 985 713 434 436 532 851 574 546 583 430 0 510 412 743 701 95 795 43
156 594 417 476 574 838 166 422 75 726 383 892 9 0 881 137 738 233 652 55
557 918 896 809 839 774 676 249 996 616 586 648 931 775 0 730 498 285 311 949
90 210 875 962 113 123 862 486 133 85 121 532 688 290 75 0 85 615 905 391
688 489 512 811 993 287 101 129 424 172 267 864 515 65 230 398 0 145 119 612
191 828 829 558 269 712 480 633 432 396 101 366 418 625 297 841 167 0 27 415
210 328 774 440 571 597 386 66 508 111 258 864 754 632 216 455 468 937 0 175
966 236 175 496 694 369 309 716 584 369 383 899 14 2 878 723 253 773 304 0
