20
0 219 507 420 187 797 402 293 503 413 955 722 217 150 871 802 579 166 419 14
539 0 720 904 592 168 428 217 711 729 36 599 916 822 623 658 222 410 239 572
388 154 0 449 217 985 329 499 719 985 987 115 290 851 656 312 964 787 552 732
332 120 389 0 899 820 608 854 601 983 633 61 885 335 356 262 214 764 402 574
531 795 593 867 0 387 735 332 243 321 542 222 408 128 465 835 251 458 762 618
331 905 22 650 404 0 477 321 698 280 212 668 390 559 526 356 555 185 857 644
176 125 217 923 386 98 0 639 33 292 60 562 313 398 715 25 208 114 892 116
783 721 565 981 160 335 86 0 292 281 240 682 538 967 783 219 919 263 457 982
928 307 461 282 545 745 835 192 0 384 528 793 847 702 984 784 782 40 781 207
82 851 48 704 455 190 207 920 263 0 928 183 586 158 801 111 866 377 317 579
471 388 165 267 172 883 593 712 418 464 0 493 941 272 451 382 916 549 763 258
451 518 565 622 222 485 436 12 272 949 539 0 325 150 69 770 17 656 341 59
609 969 282 147 822 526 107 474 119 39 439 534 0 305 355 801 347 585 444 385
966 492 809 863 432 911 40 218 443 314 830 726 248 0 564 367 563 150 556 286
684 935 596 812 594 382 198 358 929 236 186 757 329 571 0 320 43 301 399 665
899 606 336 641 377 888 225 751 833 963 566 801 641 790 380 0 297 721 808 695
752 789 586 466 47 245 244 660 555 632 481 167 761 26 506 300 0 382 264 919
633 884 333 323 665 856 731 554 528 41 206 184 327 672 680 412 233 0 769 695
542 971 53 214 576 808 20 734 579 271 834 49 389 240 111 451 328 958 0 494
406 358 732 313 523 734 851 219 514 481 282 795 483 155 976 104 774 103 446 0
